278
694
10
604
439
571
263
352
625
221
400
640
845
215
433
836
707
837
59
24
421
960
127
681
38
364
794
296
503
611
308
935
557
143
84
317
715
677
582
192
41
159
336
189
655
718
490
597
44
505
470
675
129
70
409
714
432
140
271
105
455
598
855
259
891
771
391
662
489
165
233
187
569
530
679
225
967
185
339
605
46
55
970
876
959
911
485
838
827
89
653
401
234
784
338
622
114
6
854
824
905
609
360
450
16
25
974
436
327
719
384
460
736
945
154
870
223
404
944
412
170
91
577
785
407
923
346
656
517
853
616
648
171
497
458
194
235
172
27
101
438
216
323
382
43
146
804
756
875
155
422
863
94
683
859
149
779
969
754
32
393
803
864
298
446
454
441
906
236
922
720
772
769
390
563
688
287
301
710
543
493
840
768
445
552
34
383
703
858
723
423
818
344
700
452
822
90
513
68
120
315
328
579
802
942
449
596
103
350
162
724
444
693
946
306
502
993
825
630
898
626
303
663
151
80
793
778
341
78
357
972
238
224
830
354
220
310
590
698
649
173
318
265
520
435
708
500
484
139
119
199
846
986
443
96
272
518
759
285
374
466
392
920
773
71
742
826
469
117
982
13
134
54
527
730
22
672
847
585
320
499
141
168
123
873
589
110
880
829
584
933
255
740
131
955
251
731
828
751
388
907
507
367
201
442
279
174
642
448
106
197
104
333
479
576
929
936
208
447
244
179
241
856
88
899
952
249
902
867
903
126
474
100
535
725
749
193
40
30
148
832
748
678
938
133
805
477
764
647
910
209
862
97
385
954
908
990
395
312
242
774
624
353
697
273
722
997
901
795
18
397
229
712
457
932
274
136
451
709
612
619
521
21
424
463
704
789
414
152
260
291
261
107
203
728
363
289
98
302
562
941
375
137
741
394
696
635
913
716
781
176
556
494
250
8
914
158
426
750
807
373
3
482
156
680
52
833
940
331
335
437
475
633
359
823
812
49
342
50
948
937
198
252
468
814
33
673
782
113
345
498
752
676
313
142
551
792
690
195
957
82
465
989
629
568
788
74
462
200
801
874
760
881
839
398
19
918
634
304
689
896
965
739
869
909
998
692
495
620
860
31
72
9
564
809
861
66
956
669
806
122
305
671
62
963
666
810
924
492
39
791
939
349
160
2
627
418
900
377
548
895
56
529
222
147
239
309
887
386
713
815
994
420
587
958
848
92
975
63
246
175
559
464
214
515
711
95
324
977
28
820
330
857
553
459
417
237
440
888
188
531
545
921
638
292
586
356
0
608
370
567
947
102
735
118
269
610
602
132
231
927
702
75
790
743
934
732
453
893
226
29
69
36
797
145
734
26
403
747
425
844
686
877
85
615
766
277
668
290
983
976
667
733
729
65
889
343
293
661
506
953
573
311
532
684
831
334
276
456
411
555
83
243
755
787
885
623
472
566
883
594
509
483
800
996
190
321
322
166
575
164
116
76
218
79
737
329
144
687
796
182
257
45
111
595
47
851
396
20
480
351
588
949
643
254
186
763
281
355
536
607
980
744
866
48
23
919
510
402
628
109
813
361
890
613
184
387
894
570
991
467
4
280
985
665
522
130
294
369
496
7
892
878
999
319
5
431
300
654
268
753
987
544
849
481
427
81
561
73
621
746
112
904
15
169
35
67
631
580
727
240
644
528
410
618
476
841
547
721
780
872
925
93
163
416
153
554
637
540
519
206
473
325
811
177
765
995
125
213
565
583
799
550
973
491
658
674
428
258
632
706
430
504
286
868
762
852
926
979
487
248
882
270
834
124
916
264
207
340
912
275
362
87
650
539
541
786
11
699
591
651
549
915
53
717
157
943
560
705
108
835
205
501
299
511
767
17
601
783
288
581
12
266
599
282
524
1
523
227
247
758
726
843
161
871
267
180
641
574
988
51
761
202
593
365
558
60
297
408
931
850
842
682
14
366
745
488
821
964
603
253
58
592
817
371
917
617
691
332
886
358
196
378
961
865
670
537
64
219
307
262
538
701
326
389
514
57
992
337
776
211
347
486
984
181
314
533
434
217
816
115
372
295
191
405
930
636
777
406
183
606
652
368
167
657
376
77
204
928
757
478
230
212
578
685
525
978
135
966
37
121
572
508
738
86
645
542
99
819
879
61
42
951
639
461
399
614
660
971
962
512
981
283
381
798
646
968
516
284
770
415
348
775
695
379
429
232
128
228
884
210
534
664
178
150
546
245
380
659
256
526
419
950
138
600
316
471
808
897
413
